quality bytes-per-file
0 309978
1 24086
2 24110
3 26309
4 30255
5 34261
6 38542
7 42424
8 45952
9 49506
10 52887
11 56241
12 59151
13 62868
14 65373
15 68138
16 71637
17 74754
18 77118
19 79060
20 81575
21 85426
22 88503
23 90843
24 92976
25 95064
26 97303
27 99196
28 101329
29 103207
30 106100
31 109524
32 112932
33 115699
34 117205
35 119483
36 121509
37 122593
38 124746
39 126424
40 127273
41 129791
42 131069
43 132592
44 134723
45 135879
46 137976
47 138955
48 140667
49 143104
50 143897
51 144562
52 147072
53 148889
54 149995
55 151555
56 153952
57 156589
58 160410
59 163249
60 168827
61 175184
62 177950
63 181503
64 183512
65 186529
66 188832
67 190837
68 193913
69 196256
70 199625
71 202616
72 204896
73 208552
74 213381
75 214453
76 217722
77 222400
78 226356
79 228988
80 233931
81 239043
82 243113
83 249118
84 253833
85 258444
86 266378
87 271882
88 279229
89 285710
90 295918
91 302817
92 309974
93 324419
94 342821
95 362994
96 384377
97 414078
98 445410
99 508837
100 566529

